function  [alpha, delta, tq] = marker2angles( h5file, deltacase)
% [alpha, delta, tq] = marker2angles( h5file, deltacase )
%   
% Extract angle of attack and flap deflection angle from optical position 
% measurements stored in HDF5 file. 
% 
% deltacase: must be 24, 14, 11, 8, 0, or -4

    % non-dimensional airfoil coordinates, delta = 14 degree
    pp14 = [     0.99998    -0.03608
                 0.99459    -0.03465
                 0.98735    -0.03254
                 0.97908    -0.02987
                 0.96991    -0.02664
                 0.96009    -0.02289
                 0.94985    -0.01872
                 0.93940    -0.01425
                 0.92891    -0.00955
                 0.91846    -0.00464
                 0.90811     0.00045
                 0.89785     0.00572
                 0.88764     0.01110
                 0.87722     0.01653
                 0.86708     0.02154
                 0.86154     0.02408
                 0.85562     0.02665
                 0.84972     0.02912
                 0.84592     0.03067
                 0.83432     0.03530
                 0.82237     0.03998
                 0.81033     0.04458
                 0.79842     0.04893
                 0.78669     0.05308
                 0.77510     0.05700
                 0.76360     0.06069
                 0.75214     0.06415
                 0.74068     0.06738
                 0.72917     0.07039
                 0.71756     0.07320
                 0.70582     0.07582
                 0.69393     0.07828
                 0.68190     0.08058
                 0.66978     0.08273
                 0.65756     0.08474
                 0.64527     0.08660
                 0.63291     0.08833
                 0.62050     0.08992
                 0.60803     0.09139
                 0.59552     0.09272
                 0.58297     0.09394
                 0.57037     0.09503
                 0.55773     0.09600
                 0.54507     0.09686
                 0.53237     0.09761
                 0.51964     0.09825
                 0.50688     0.09879
                 0.49411     0.09922
                 0.48131     0.09956
                 0.46850     0.09979
                 0.45567     0.09993
                 0.44284     0.09997
                 0.43000     0.09991
                 0.41717     0.09976
                 0.40433     0.09951
                 0.39150     0.09917
                 0.37868     0.09873
                 0.36586     0.09820
                 0.35306     0.09757
                 0.34027     0.09684
                 0.32751     0.09601
                 0.31477     0.09508
                 0.30204     0.09405
                 0.28935     0.09291
                 0.27669     0.09166
                 0.26405     0.09031
                 0.25146     0.08884
                 0.23892     0.08726
                 0.22642     0.08556
                 0.21397     0.08374
                 0.20158     0.08180
                 0.18925     0.07973
                 0.17701     0.07752
                 0.16484     0.07518
                 0.15276     0.07269
                 0.14079     0.07006
                 0.12896     0.06729
                 0.11728     0.06436
                 0.10581     0.06128
                 0.09459     0.05804
                 0.08370     0.05467
                 0.07324     0.05116
                 0.06334     0.04755
                 0.05412     0.04388
                 0.04574     0.04024
                 0.03834     0.03671
                 0.03198     0.03339
                 0.02663     0.03032
                 0.02217     0.02751
                 0.01846     0.02496
                 0.01536     0.02263
                 0.01276     0.02048
                 0.01057     0.01850
                 0.00872     0.01665
                 0.00713     0.01493
                 0.00578     0.01330
                 0.00463     0.01177
                 0.00364     0.01032
                 0.00281     0.00893
                 0.00210     0.00762
                 0.00151     0.00635
                 0.00103     0.00515
                 0.00064     0.00399
                 0.00035     0.00288
                 0.00015     0.00181
                 0.00004     0.00079
                 0.00000    -0.00020
                 0.00012    -0.00118
                 0.00036    -0.00220
                 0.00068    -0.00324
                 0.00109    -0.00431
                 0.00160    -0.00540
                 0.00223    -0.00651
                 0.00300    -0.00762
                 0.00391    -0.00872
                 0.00499    -0.00980
                 0.00626    -0.01084
                 0.00774    -0.01183
                 0.00942    -0.01279
                 0.01135    -0.01372
                 0.01355    -0.01464
                 0.01608    -0.01554
                 0.01901    -0.01646
                 0.02246    -0.01738
                 0.02656    -0.01833
                 0.03152    -0.01932
                 0.03755    -0.02038
                 0.04489    -0.02149
                 0.05365    -0.02263
                 0.06372    -0.02376
                 0.07480    -0.02482
                 0.08659    -0.02578
                 0.09880    -0.02663
                 0.11129    -0.02736
                 0.12396    -0.02800
                 0.13672    -0.02854
                 0.14954    -0.02898
                 0.16244    -0.02934
                 0.17544    -0.02961
                 0.18853    -0.02982
                 0.20166    -0.02998
                 0.21483    -0.03010
                 0.22804    -0.03016
                 0.24131    -0.03019
                 0.25461    -0.03019
                 0.26790    -0.03016
                 0.28121    -0.03010
                 0.29455    -0.03001
                 0.30791    -0.02990
                 0.32131    -0.02977
                 0.33472    -0.02963
                 0.34813    -0.02948
                 0.36153    -0.02932
                 0.37489    -0.02914
                 0.38826    -0.02894
                 0.40166    -0.02872
                 0.41509    -0.02848
                 0.42854    -0.02824
                 0.44200    -0.02801
                 0.45547    -0.02777
                 0.46895    -0.02754
                 0.48244    -0.02730
                 0.49592    -0.02707
                 0.50940    -0.02684
                 0.52287    -0.02660
                 0.53633    -0.02636
                 0.54979    -0.02612
                 0.56324    -0.02587
                 0.57668    -0.02561
                 0.59011    -0.02534
                 0.60354    -0.02507
                 0.61696    -0.02478
                 0.63039    -0.02448
                 0.64380    -0.02417
                 0.65722    -0.02386
                 0.67064    -0.02352
                 0.68406    -0.02318
                 0.69749    -0.02283
                 0.71091    -0.02247
                 0.72434    -0.02210
                 0.73776    -0.02172
                 0.75116    -0.02133
                 0.76453    -0.02092
                 0.77787    -0.02050
                 0.79117    -0.02006
                 0.80443    -0.01975
                 0.81764    -0.01958
                 0.83078    -0.01960
                 0.84396    -0.01995
                 0.84982    -0.02029
                 0.85622    -0.02084
                 0.86912    -0.02236
                 0.88180    -0.02414
                 0.89436    -0.02601
                 0.90677    -0.02787
                 0.91903    -0.02963
                 0.93110    -0.03125
                 0.94298    -0.03270
                 0.95464    -0.03393
                 0.96598    -0.03493
                 0.97669    -0.03573
                 0.98618    -0.03639
                 0.99402    -0.03699
                 0.99963    -0.03754 ];
